10374
10492
10590
10565
10559
10568
10595
10629
10707
10787
10867
10953
10918
10879
10843
10810
10780
10771
10763
10758
10749
10741
10736
10734
10733
10733
10735
10738
10743
10749
10756
10763
10770
10777
10784
10791
10798
10805
10812
10819
10826
10833
10840
10847
10854
10861
10868
10875
10882
10889
10896
10903
10910
10917
10924
10931
10938
10945
10952
10959
10967
10974
10981
10988
10995
11002
11009
11016
11023
11030
11037
11044
11051
11058
11065
11072
11079
11086
11093
11100
11107
11114
11121
11128
11135
11142
11149
11156
11163
11170
11177
11184
11191
11198
11205
11212
11219
11226
11233
11240
11247
