10374
10737
11086
11338
11617
11914
12234
12564
12943
12964
12952
12941
12926
12919
12916
12917
12921
12946
12974
13006
13033
13063
13096
13133
13171
13212
13254
13300
13347
13396
13446
13497
13547
13598
13649
13699
13750
13801
13851
13902
13952
14003
14054
14104
14155
14206
14256
14307
14358
14408
14459
14509
14560
14611
14661
14712
14763
14813
14864
14914
14965
15016
15066
15117
15168
15218
15269
15319
15370
15421
15471
15522
15573
15623
15674
15724
15775
15826
15876
15927
15978
16028
16079
16129
16180
16231
16281
16332
16383
16433
16484
16534
16585
16636
16686
16737
16788
16838
16889
16939
16990
