10374
10492
10605
10598
10612
10640
10688
10743
10843
10946
11051
11162
11150
11135
11123
11115
11110
11126
11145
11166
11183
11203
11227
11252
11281
11310
11342
11377
11413
11450
11490
11529
11569
11608
11647
11687
11726
11765
11805
11844
11883
11923
11962
12001
12041
12080
12120
12159
12198
12238
12277
12316
12356
12395
12434
12474
12513
12552
12592
12631
12671
12710
12749
12789
12828
12867
12907
12946
12985
13025
13064
13104
13143
13182
13222
13261
13300
13340
13379
13418
13458
13497
13536
13576
13615
13655
13694
13733
13773
13812
13851
13891
13930
13969
14009
14048
14087
14127
14166
14206
14245
