10374
10737
11070
11302
11559
11832
12126
12428
12778
12772
12734
12696
12654
12619
12587
12559
12534
12529
12527
12527
12522
12520
12521
12523
12528
12533
12540
12550
12560
12572
12584
12597
12609
12622
12634
12647
12659
12672
12685
12697
12710
12722
12735
12747
12760
12772
12785
12797
12810
12823
12835
12848
12860
12873
12885
12898
12910
12923
12935
12948
12961
12973
12986
12998
13011
13023
13036
13048
13061
13074
13086
13099
13111
13124
13136
13149
13161
13174
13186
13199
13212
13224
13237
13249
13262
13274
13287
13299
13312
13324
13337
13350
13362
13375
13387
13400
13412
13425
13437
13450
13462
