10374
10737
11121
11411
11731
12071
12437
12816
13245
13307
13336
13364
13388
13419
13453
13490
13531
13592
13655
13721
13782
13845
13911
13979
14049
14120
14192
14267
14343
14420
14497
14575
14653
14731
14809
14887
14965
15042
15120
15198
15276
15354
15432
15509
15587
15665
15743
15821
15899
15976
16054
16132
16210
16288
16366
16443
16521
16599
16677
16755
16833
16911
16988
17066
17144
17222
17300
17378
17455
17533
17611
17689
17767
17845
17922
18000
18078
18156
18234
18312
18389
18467
18545
18623
18701
18779
18856
18934
19012
19090
19168
19246
19324
19401
19479
19557
19635
19713
19791
19868
19946
